1 43.93
2 6.53
3 7.15
4 43.04
5 14.72
6 35.28
7 6.6
8 26.27
9 32.87
10 40.99
11 35.12
12 8.91
13 29.17
14 3.85
15 26.68
16 15.7
17 2.18
18 36.73
19 32.62
20 23.21
21 45.36
22 31.51
23 48.44
24 21.29
25 47.87
26 33.13
27 12.88
28 25.68
29 23.62
30 14.71
31 29.92
32 35.88
33 40.5
34 6.91
35 34.21
36 49.74
37 34.28
38 40.19
39 4.0
40 0.93
41 3.56
42 23.78
43 22.11
44 18.56
45 27.5
46 9.48
47 6.87
48 45.27
49 42.68
50 44.98
51 16.12
52 32.94
53 46.3
54 45.35
55 3.65
56 41.01
57 33.52
58 37.09
59 14.58
60 16.64
61 9.62
62 28.16
63 0.75
64 0.16
65 34.17
66 1.47
67 45.12
68 31.0
69 28.43
70 10.41
71 37.47
72 14.8
73 29.05
74 44.82
75 4.16
76 3.19
77 39.44
78 16.04
79 7.39
80 40.43
81 20.64
82 43.64
83 49.05
84 14.78
85 44.55
86 14.69
87 2.92
88 27.87
89 28.81
90 45.81
91 28.42
92 1.6
93 10.76
94 29.03
95 27.24
96 23.77
97 2.48
98 5.45
99 34.95
100 38.21
101 22.03
102 10.11
103 33.7
104 35.41
105 36.78
106 7.51
107 2.0
108 29.64
109 45.78
110 7.45
111 31.55
112 5.17
113 14.18
114 12.4
115 17.0
116 26.06
117 45.19
118 0.02
119 30.18
120 17.26
121 23.28
122 21.9
123 31.92
124 14.91
125 32.69
126 36.51
127 23.36
128 35.85
129 47.2
130 17.41
131 29.14
132 38.92
133 45.63
134 16.18
135 43.88
136 30.54
137 11.28
138 45.42
139 30.73
140 28.46
141 12.75
142 4.83
143 45.39
144 12.0
145 34.48
146 5.23
147 38.42
148 34.11
149 17.85
150 38.42
151 30.88
152 42.92
153 43.42
154 0.27
155 32.63
156 18.9
157 16.52
158 48.25
159 11.76
160 23.64
161 30.48
162 17.19
163 34.14
164 48.37
165 27.4
166 36.05
167 1.18
168 6.7
169 19.77
170 25.83
171 1.97
172 12.96
173 5.92
174 13.15
175 31.87
176 40.53
177 37.26
178 26.86
179 32.59
180 7.35
181 34.85
182 44.85
183 26.1
184 39.87
185 19.63
186 18.12
187 20.3
188 30.02
189 24.49
190 46.84
191 49.46
192 21.41
193 37.97
194 36.37
195 31.25
196 24.54
197 7.44
198 11.79
199 26.49
200 20.79
201 12.52
202 34.61
203 45.76
204 20.36
205 12.43
206 46.23
207 9.13
208 13.04
209 13.73
210 27.43
211 31.76
212 9.25
213 9.75
214 14.99
215 5.17
216 48.28
217 35.0
218 31.32
219 9.18
220 14.32
221 44.02
222 46.45
223 32.93
224 18.78
225 6.48
226 32.16
227 21.22
228 6.61
229 17.13
230 29.67
231 20.12
232 29.71
233 23.47
234 31.92
235 42.48
236 19.31
237 10.44
238 25.81
239 4.93
240 26.73
241 32.58
242 27.76
243 0.99
244 31.39
245 42.26
246 40.27
247 8.82
248 43.5
249 49.16
250 1.27
251 28.0
252 20.74
253 4.46
254 45.67
255 2.81
256 23.34
257 36.12
258 29.09
259 36.07
260 28.67
261 8.52
262 5.93
263 4.17
264 37.52
265 41.39
266 45.26
267 6.97
268 43.02
269 28.88
270 44.46
271 38.13
272 20.56
273 14.48
274 37.78
275 11.38
276 47.91
277 26.78
278 38.36
279 16.4
280 17.35
281 31.71
282 37.94
283 9.38
284 30.7
285 46.44
286 33.0
287 13.45
288 18.04
289 17.46
290 20.99
291 7.75
292 19.51
293 22.8
294 10.83
295 7.83
296 34.23
297 47.86
298 36.29
299 23.76
300 9.47
