1 8
2 3.1
3 6.9
4 1.3
5 9.8
6 2
7 2.3
8 7.5
9 4
10 7.1
11 1.9
12 6
13 2.1
14 3.3
15 6.1
16 1.1
17 5.2
18 3.6
19 3.3
20 5.7
21 5.5
22 1.6
23 5.4
24 8.4
25 6.9
26 2.7
27 9.6
28 9.6
29 9.2
30 4.4
31 6.8
32 8.4
33 4.8
34 7.5
35 8.5
36 7
37 6
38 9.6
39 9.1
40 2.1
41 5.1
42 3.7
43 2.1
44 3.9
45 4.3
46 8.7
47 2.6
48 1.9
49 1.2
50 8.2
51 3.3
52 36.8
53 45.4
54 40.8
55 44.9
56 39.3
57 38.4
58 36.4
59 31
60 43.2
61 30.3
62 38
63 46.7
64 30
65 39.5
66 44.3
67 42.8
68 33.4
69 48.9
70 46.9
71 43.2
72 31.9
73 46.6
74 47.3
75 47.2
76 40.8
77 37.8
78 31.9
79 40.3
80 38.4
81 42
82 34.1
83 42.2
84 48.4
85 43.2
86 46.8
87 47.6
88 48
89 39.8
90 33.4
91 45.6
92 30.9
93 32.5
94 47.7
95 35.3
96 47.9
97 43
98 42.8
99 37.2
100 46.5
101 40.6
102 35.8
