1 35
2 30
3 41
4 44
5 49
6 1
7 43
8 31
9 50
10 27
11 24
12 40
13 12
14 25
15 45
16 29
17 42
18 37
19 30
20 13
21 34
22 5
23 32
24 33
25 37
26 45
27 49
28 39
29 29
30 46
31 29
32 2
33 7
34 43
35 25
36 42
37 11
38 28
39 32
40 3
41 31
42 19
43 3
44 25
45 10
46 7
47 11
48 8
49 10
50 3
51 32
52 15
53 27
54 35
55 25
56 27
57 23
58 7
59 25
60 43
61 44
62 14
63 11
64 29
65 32
66 21
67 11
68 47
69 5
70 6
71 8
72 9
73 31
74 29
75 4
76 47
77 37
78 37
79 4
80 43
81 47
82 49
83 43
84 39
85 26
86 10
87 21
88 8
89 3
90 47
91 16
92 15
93 17
94 24
95 33
96 2
97 42
98 28
99 43
100 18
101 23
102 4
103 10
104 33
105 17
106 45
107 7
108 49
109 27
110 36
111 50
112 15
113 21
114 24
115 38
116 41
117 6
118 10
119 19
120 4
121 27
122 17
123 10
124 11
125 45
126 34
127 24
128 46
129 6
130 38
131 37
132 29
133 10
134 30
135 16
136 8
137 11
138 45
139 5
140 13
141 4
142 23
143 2
144 45
145 11
146 6
147 16
148 23
149 6
150 50
151 17
152 16
153 4
154 16
155 3
156 26
157 38
158 32
159 5
160 5
161 39
162 45
163 27
164 6
165 41
166 18
167 15
168 38
169 2
170 3
171 34
172 31
173 27
174 37
175 36
176 39
177 15
178 35
179 28
180 20
181 4
182 39
183 18
184 31
185 37
186 6
187 7
188 28
189 25
190 45
191 40
192 37
193 4
194 5
195 5
196 40
197 47
198 35
199 7
200 36
201 6
